0 0.182974 0.582224 0.365537 0.835552
0 0.803974 0.573565 0.392053 0.845178
45 0.66866 0.915272 0.204194 0.169086
45 0.588701 0.800992 0.162725 0.159277
0 0.469637 0.303736 0.0934473 0.321538
45 0.411713 0.867922 0.111764 0.113392
0 0.118248 0.255152 0.203757 0.347478
45 0.555809 0.699503 0.121605 0.0936066
41 0.80158 0.928065 0.0502111 0.110327
0 0.650238 0.322133 0.108431 0.277155
0 0.0170089 0.253327 0.0337702 0.164451
41 0.76311 0.952377 0.0504429 0.0937293
0 0.689735 0.347075 0.238001 0.65505
0 0.633971 0.40804 0.142778 0.44725
45 0.487294 0.94678 0.156296 0.106244
60 0.59835 0.758865 0.730087 0.481034
0 0.410636 0.317363 0.0428956 0.10468
39 0.763399 0.952431 0.0503647 0.0940753
45 0.390269 0.675765 0.0885995 0.0496368
44 0.734735 0.8733 0.0487421 0.143165
