39 0.45189 0.763733 0.103347 0.461061
40 0.181242 0.843282 0.0871696 0.277148
0 0.655904 0.565792 0.601342 0.765045
0 0.260297 0.498973 0.343569 0.563738
67 0.943092 0.314288 0.0775002 0.117714
39 0.346563 0.236811 0.0228701 0.0993047
39 0.0655894 0.25002 0.0346096 0.159595
0 0.056277 0.500629 0.112554 0.991466
39 0.484705 0.247299 0.0244193 0.121
45 0.625105 0.891706 0.213997 0.16324
39 0.13194 0.246976 0.029187 0.146126
39 0.30794 0.220528 0.0233046 0.0701617
0 0.826468 0.535395 0.34642 0.892283
39 0.387402 0.266535 0.0317601 0.155499
39 0.383279 0.252128 0.0248655 0.129006
39 0.157256 0.2441 0.0273514 0.129655
39 0.0998081 0.248898 0.024365 0.150613
39 0.486051 0.266235 0.0309591 0.161085
60 0.502466 0.859147 0.829496 0.27124
