0 0.639054 0.562871 0.25815 0.854025
0 0.93431 0.527173 0.130674 0.667037
28 0.472585 0.718634 0.140776 0.428965
0 0.384572 0.517386 0.19066 0.622017
0 0.528531 0.283537 0.0435673 0.197434
0 0.0304634 0.294495 0.051385 0.21227
0 0.107454 0.260019 0.0448836 0.10822
28 0.0647647 0.633239 0.129529 0.198528
26 0.87147 0.455274 0.0598551 0.130683
0 0.168309 0.316869 0.0439844 0.180728
28 0.199293 0.371157 0.0497476 0.0879844
24 0.447189 0.316261 0.150053 0.193899
28 0.0569533 0.516432 0.113545 0.0917581
0 0.0682267 0.27127 0.0440262 0.148342
24 0.872379 0.45515 0.0624302 0.143267
28 0.0341817 0.516283 0.0683635 0.0877873
