2 0.0903174 0.0963149 0.180173 0.19263
0 0.317365 0.60324 0.200071 0.471163
0 0.872004 0.663998 0.254885 0.66968
0 0.50418 0.619829 0.189562 0.392231
2 0.939655 0.0724976 0.119838 0.143715
0 0.268301 0.0425586 0.0499929 0.0849823
46 0.133178 0.343936 0.0384875 0.0527569
46 0.726882 0.444063 0.131249 0.0925546
46 0.839967 0.306883 0.0677685 0.101086
46 0.233306 0.388638 0.0693434 0.0766253
46 0.478834 0.416236 0.0508472 0.0776729
0 0.0884078 0.0191899 0.0197111 0.0373688
0 0.0843639 0.0203594 0.0271901 0.0407189
