0 0.365919 0.397404 0.104244 0.413486
0 0.132583 0.488675 0.199701 0.666675
0 0.62704 0.442805 0.222573 0.471776
0 0.81662 0.327847 0.0294151 0.0976243
0 0.539323 0.413683 0.0881962 0.421347
0 0.301675 0.360133 0.045787 0.219575
2 0.759949 0.329288 0.0683063 0.0438446
0 0.921508 0.338151 0.0294125 0.102397
30 0.623332 0.694288 0.520334 0.258848
0 0.911494 0.336622 0.0262749 0.0975191
0 0.959433 0.348012 0.0283539 0.0774559
0 0.927288 0.340161 0.0221367 0.0963534
0 0.294376 0.322219 0.0281791 0.123448
0 0.300728 0.326807 0.0495167 0.166579
30 0.211719 0.53247 0.0906471 0.0217793
