0 0.234304 0.665499 0.19886 0.317815
0 0.685075 0.481733 0.127661 0.430892
0 0.429203 0.459116 0.0849088 0.336523
0 0.480851 0.453487 0.0574696 0.326375
0 0.143814 0.456623 0.121909 0.430075
0 0.787819 0.499527 0.111609 0.467979
0 0.289806 0.444965 0.0916928 0.331109
31 0.226919 0.858402 0.452874 0.128466
0 0.0291897 0.430593 0.0564977 0.166871
0 0.079951 0.451382 0.0488735 0.152003
0 0.533832 0.499803 0.0700189 0.257685
0 0.921621 0.479732 0.0617508 0.173175
30 0.726875 0.728147 0.153942 0.0790618
30 0.508298 0.625608 0.10396 0.0317177
30 0.421407 0.620737 0.10198 0.043174
