40 0.71916 0.23269 0.17835 0.46538
45 0.183296 0.319468 0.366491 0.344521
45 0.537821 0.26127 0.33269 0.256614
42 0.0852911 0.77369 0.170418 0.120619
44 0.897191 0.483204 0.205092 0.150226
60 0.5 0.525222 1 0.935408
0 0.227082 0.0758553 0.424472 0.151543
51 0.250417 0.611511 0.251911 0.30016
43 0.863467 0.583345 0.272902 0.258815
44 0.187056 0.150198 0.0760786 0.250287
42 0.950977 0.300044 0.0966936 0.0688438
51 0.202825 0.595212 0.161141 0.246977
0 0.136389 0.0609839 0.244928 0.121968
0 0.588759 0.0695076 0.125059 0.138711
0 0.722683 0.0732509 0.391727 0.146502
0 0.309272 0.0735387 0.258546 0.14587
0 0.903489 0.131078 0.192513 0.261947
