29 0.89867 0.350616 0.16976 0.0964201
0 0.203697 0.552131 0.383947 0.7756
0 0.784619 0.599226 0.359797 0.801547
0 0.476997 0.499613 0.297596 0.754296
0 0.0951825 0.237745 0.117959 0.168448
0 0.573757 0.260069 0.141114 0.240742
0 0.964855 0.256951 0.0702892 0.102337
0 0.868568 0.280623 0.0971687 0.13943
0 0.574618 0.391774 0.102021 0.244305
0 0.0590018 0.567937 0.117002 0.204169
0 0.0992153 0.428735 0.0838106 0.115916
0 0.574609 0.465034 0.100462 0.367926
0 0.872533 0.267866 0.0788145 0.117126
0 0.0442949 0.331084 0.0885897 0.299044
0 0.660876 0.457575 0.144479 0.407868
0 0.038999 0.56437 0.0779883 0.208104
0 0.964367 0.385663 0.0709236 0.362152
0 0.675241 0.372773 0.112139 0.23604
0 0.899023 0.308697 0.0568928 0.0554357
