0 0.0953997 0.412657 0.145535 0.547107
0 0.705264 0.368745 0.131211 0.61435
0 0.21445 0.394841 0.144617 0.580766
0 0.845656 0.360973 0.138679 0.611974
0 0.505116 0.408767 0.122716 0.548151
60 0.49992 0.83154 0.991566 0.334191
0 0.360115 0.384898 0.116497 0.592173
0 0.278525 0.388181 0.106182 0.582842
0 0.584505 0.378341 0.080685 0.6043
53 0.0274055 0.77869 0.054592 0.0950491
0 0.428445 0.383403 0.0887389 0.591886
0 0.638475 0.38533 0.0724578 0.656569
53 0.187859 0.81929 0.146683 0.109584
53 0.469376 0.813133 0.11447 0.0949049
53 0.331537 0.816228 0.118404 0.0935795
56 0.988486 0.607143 0.0222557 0.08273
56 0.974198 0.391525 0.0511761 0.186157
27 0.282562 0.239429 0.0142925 0.0609064
53 0.6335 0.797523 0.117415 0.103497
0 0.784654 0.293336 0.0624231 0.531663
0 0.532403 0.14874 0.0669813 0.19583
27 0.284708 0.24601 0.0161872 0.0786962
53 0.831019 0.778783 0.126484 0.0997445
