0 0.500555 0.607702 0.243258 0.481
0 0.257535 0.56911 0.164741 0.380473
0 0.650298 0.543234 0.106781 0.301015
0 0.394292 0.550843 0.12715 0.352094
25 0.898462 0.37411 0.202566 0.0860251
9 0.788649 0.135408 0.110111 0.192654
26 0.234328 0.511943 0.136397 0.171602
25 0.469725 0.357882 0.399029 0.086892
0 0.951017 0.571864 0.0979657 0.400661
9 0.854884 0.123752 0.250472 0.245866
25 0.278226 0.362293 0.217648 0.0702226
2 0.763296 0.434489 0.102405 0.0325912
26 0.938797 0.585878 0.0856247 0.0964647
26 0.227044 0.539049 0.125386 0.115046
26 0.918596 0.482745 0.0593632 0.118839
25 0.245683 0.360714 0.152258 0.0651743
