0 0.59512 0.593751 0.550296 0.798585
0 0.16855 0.67364 0.315129 0.631568
0 0.28856 0.610639 0.191586 0.481694
0 0.962172 0.763988 0.0752934 0.430187
0 0.101392 0.674672 0.202783 0.627005
0 0.315627 0.541448 0.0398023 0.0912225
67 0.484517 0.533654 0.0345416 0.0778485
0 0.799226 0.573467 0.0495203 0.0815191
0 0.966927 0.533484 0.0580475 0.120773
0 0.0370139 0.545514 0.0738999 0.339486
0 0.323349 0.545455 0.0545372 0.0955833
0 0.724739 0.576921 0.0564995 0.0908836
67 0.481872 0.509864 0.040457 0.131104
0 0.831676 0.630774 0.0495968 0.0773039
0 0.886573 0.751102 0.132072 0.456608
0 0.103132 0.846658 0.203979 0.288602
