0 0.773057 0.629213 0.323135 0.308426
0 0.901303 0.556337 0.157774 0.235733
0 0.623155 0.47892 0.0591402 0.190016
0 0.367214 0.601653 0.108519 0.328248
0 0.551582 0.780853 0.28581 0.328459
56 0.570959 0.533892 0.099597 0.191525
41 0.624817 0.780708 0.0386953 0.100351
0 0.417163 0.36293 0.0426712 0.0885208
0 0.208455 0.613173 0.191679 0.305085
13 0.156114 0.735639 0.303652 0.410127
0 0.810389 0.473555 0.0766247 0.128717
56 0.429214 0.630659 0.125784 0.316014
0 0.7333 0.496237 0.0759058 0.135929
62 0.804102 0.342927 0.0589425 0.0545043
41 0.700287 0.782341 0.0370709 0.0844317
0 0.519378 0.51026 0.0723338 0.194082
