0 0.169627 0.644515 0.214162 0.404874
0 0.660839 0.645754 0.212914 0.402334
0 0.299609 0.427761 0.174564 0.625688
0 0.781246 0.431162 0.183237 0.621707
38 0.716609 0.153572 0.0310555 0.199502
38 0.744857 0.773167 0.149186 0.106168
38 0.252379 0.77186 0.154759 0.109185
38 0.227947 0.146283 0.0241698 0.176958
2 0.941094 0.239173 0.0768326 0.1126
38 0.228166 0.152184 0.0344846 0.195761
2 0.487203 0.240508 0.117475 0.110409
38 0.716381 0.138811 0.0208673 0.167421
2 0.457032 0.241401 0.0543987 0.109879
