0 0.613515 0.71184 0.389903 0.574829
0 0.253826 0.669646 0.350445 0.658282
0 0.369843 0.513589 0.196818 0.578676
0 0.81225 0.488798 0.255804 0.497107
0 0.56991 0.443138 0.228388 0.45269
0 0.685829 0.301329 0.16666 0.241441
27 0.559375 0.510312 0.0333075 0.198102
27 0.182357 0.824473 0.072761 0.34778
27 0.344089 0.51374 0.047129 0.207932
0 0.913114 0.757839 0.172514 0.482689
0 0.0465596 0.660679 0.0931191 0.676308
0 0.913281 0.596317 0.17289 0.805446
27 0.805861 0.51024 0.0336111 0.118908
27 0.970414 0.505312 0.0581417 0.231439
0 0.244604 0.300608 0.1531 0.20567
0 0.931169 0.437856 0.13707 0.465717
0 0.0938232 0.476066 0.144535 0.508382
0 0.444115 0.290043 0.105 0.230224
