0 0.119784 0.780363 0.176287 0.426583
0 0.548882 0.72799 0.222825 0.530386
0 0.881035 0.567422 0.236562 0.84463
0 0.30686 0.74875 0.0991506 0.370228
0 0.790978 0.739473 0.180632 0.499315
0 0.699713 0.742288 0.113505 0.495206
0 0.0166955 0.737569 0.033391 0.261265
33 0.140087 0.408345 0.279689 0.324162
0 0.429941 0.751639 0.0608302 0.370257
0 0.367232 0.675566 0.034544 0.15427
0 0.21654 0.75065 0.0287959 0.0711159
0 0.16499 0.644253 0.030992 0.104205
26 0.637534 0.879335 0.0558842 0.14362
0 0.261843 0.667439 0.0165116 0.0606922
0 0.390402 0.644434 0.0173474 0.0650346
