41 0.518039 0.618087 0.0411232 0.125345
0 0.300043 0.637739 0.262024 0.704459
0 0.816613 0.640175 0.365446 0.698738
41 0.576084 0.615555 0.0392607 0.128297
41 0.537897 0.482916 0.0343756 0.103975
0 0.423622 0.290282 0.143112 0.423903
0 0.73762 0.368078 0.288624 0.425427
39 0.557419 0.745805 0.0390179 0.21886
27 0.84752 0.646164 0.072864 0.214127
41 0.579579 0.476051 0.0336266 0.0851822
0 0.0482664 0.162795 0.0962696 0.239332
27 0.311089 0.625731 0.0348443 0.167285
60 0.530632 0.71981 0.495501 0.546602
0 0.220602 0.307724 0.158281 0.423846
41 0.643862 0.759668 0.0427797 0.141608
0 0.716294 0.277644 0.130832 0.346694
0 0.4928 0.222998 0.100736 0.2225
56 0.942611 0.817095 0.114415 0.364399
56 0.0281641 0.606182 0.056285 0.525897
56 0.148963 0.751258 0.171815 0.486211
41 0.146663 0.270639 0.0194105 0.0617827
0 0.669039 0.259255 0.0685581 0.232555
39 0.557552 0.897522 0.0479889 0.17118
56 0.104756 0.462369 0.0828579 0.232599
60 0.580726 0.377491 0.200153 0.229385
39 0.0299715 0.302256 0.0188208 0.0802399
56 0.366055 0.462194 0.046687 0.171949
60 0.111077 0.327779 0.222155 0.180683
56 0.364224 0.402919 0.0496726 0.279819
56 0.150078 0.829014 0.167348 0.341971
60 0.11132 0.376115 0.222641 0.27295
41 0.127433 0.281971 0.0219184 0.0382134
39 0.583 0.352695 0.0182369 0.0765246
