0 0.68682 0.453611 0.0951546 0.362559
0 0.450715 0.602115 0.150057 0.510986
0 0.310369 0.645483 0.155626 0.694602
1 0.864062 0.701073 0.268948 0.259752
0 0.0931898 0.616484 0.186055 0.747697
0 0.840967 0.387611 0.0590633 0.194949
1 0.864143 0.848629 0.270297 0.289446
0 0.575528 0.377452 0.0415953 0.175459
0 0.530737 0.409173 0.0494465 0.251369
26 0.220214 0.552788 0.0856926 0.178577
26 0.230261 0.752593 0.0654116 0.198624
26 0.558872 0.451843 0.0305138 0.0698508
25 0.39069 0.294926 0.269016 0.144817
26 0.222909 0.536633 0.0900503 0.242397
1 0.885297 0.511294 0.152832 0.17788
1 0.911536 0.561017 0.175307 0.132781
1 0.853532 0.520063 0.0926277 0.155842
26 0.730445 0.4957 0.0340731 0.129696
1 0.908367 0.520823 0.18001 0.192917
26 0.731461 0.51373 0.0319969 0.0910881
1 0.931181 0.577972 0.130058 0.109007
1 0.825648 0.53411 0.0706686 0.139504
26 0.234217 0.513562 0.113077 0.286289
0 0.650657 0.365205 0.0438526 0.163608
